TILEMAP
39 28 							-- Size of tile map in tiles
16 16 							-- Tile size (físico) & block size (gráfico)
images/blocksMC.png 					-- Tilesheet
0							-- Which level to use
8 4 							-- Number of tiles in tilesheet
445555555555555555555555555555555555544
33                                   33
33                                   33
33                                   33
33               33333               33
33    111111111113333311111111111    33
33               33333               33
33                                   33
33111                             11133
33                                   33
33                                   33
33  1111111111111111111111111111111  33
33               45554               33
33               34543               33
33    111111111113343311111111111    33
33               34543               33
33               45554               33
33           1111222221111           33
33                                   33
33                                   33
33      11111111111111111111111      33
33                                   33
33                                   33
33111                             11133
33                                   33
33                                   33
33                                   33
331111111111111111111111111111111111133
445555555555555555555555555555555555544